516743235
516743236
523836666
523836667
523836668
523836669
523836670
523836671
523836672
523836673
523836674
523836675
523836676
523836677
523836678
523836679
523836680
523836681
523836682
523836683
523836684
523836685
523836686
523836687
523836688
523836689
523836690
523836691
523836692
523836693
523836694
523836695
523836696
523836697
523836698
523836699
523836700
523836701
523836702
523836703
523836704
523836705
523836706
523836707
523836708
523836709
523836710
523836711
523836712
523836713
523836714
523836715
523836716
523836717
523836718
523836719
523836720
523836721
523836722
523836723
523836724
523836725
523836726
523836727
523836728
523836729
523836730
523836731
523836732
523836733
523836734
523836735
523836736
523836737
523836738
523836739
523836740
523836741
523836742
523836743
523836744
523836745
523836746
523836747
523836748
523836749
523836750
523836751
523836752
523836753
523836754
523836755
523836756
523836757
523836758
523836759
523836760
523836761
